1 12 13 14 15 29 30 31 37 51 52 56 57 66 95 102 142 184 185 195 378 462 486 497 858 859 875 876 879 880 
2 12 14 15 51 52 102 184 202 285 380 390 391 442 486 497 643 658 746 856 857 858 859 864 877 948 
3 5 6 90 91 119 144 181 399 485 
4 166 236 488 
5 401 488 552 1296 1297 
6 99 115 257 258 491 
7 19 20 56 57 58 492 
8 20 48 58 122 196 197 354 360 492 999 1005 1112 
9 21 22 534 550 
10 259 302 405 436 437 438 493 998 1011 
11 20 27 28 160 262 263 495 654 
12 86 194 624 649 650 652 
13 64 65 265 311 496 
14 64 65 496 
15 462 463 497 
16 106 196 266 498 
17 106 196 498 
18 196 197 198 498 
19 32 67 164 499 639 715 716 717 719 1379 
20 87 88 104 267 268 269 270 407 408 500 
21 16 271 413 414 502 
22 68 502 
23 199 200 201 544 593 594 597 601 634 687 698 700 704 705 749 892 899 900 901 902 903 917 919 1109 1112 1141 1197 1256 1259 1272 1289 1290 1333 
24 46 47 92 756 
25 212 213 214 215 216 276 277 426 427 511 
26 145 376 406 511 565 611 1076 
27 224 278 428 512 
28 224 279 512 
29 225 250 464 465 466 513 514 609 612 793 
30 225 464 466 513 514 609 612 793 
31 751 776 
32 247 249 250 465 752 777 778 
33 141 252 431 516 
34 252 431 516 672 714 799 800 
35 132 166 167 517 
36 168 169 518 
37 97 121 172 173 187 188 242 409 487 519 
38 24 272 283 536 552 553 554 555 556 557 558 
39 24 79 207 272 283 418 505 536 552 554 555 556 557 1257 
40 24 85 272 283 536 552 553 554 555 556 557 558 976 
41 288 289 433 520 
42 467 468 469 470 521 775 
43 39 467 468 469 503 521 775 
44 302 436 437 524 
45 305 308 338 481 525 570 572 629 663 798 1185 1226 1355 
46 84 123 305 338 344 481 525 570 572 623 629 663 798 1185 1226 1355 
47 304 305 306 307 308 309 310 525 570 572 629 663 798 1185 1355 
48 187 265 311 314 315 316 439 440 526 794 797 798 
49 320 478 527 
50 21 22 94 306 326 528 629 
51 23 63 94 105 192 261 326 381 494 528 629 
52 21 22 306 326 528 
53 33 208 296 297 298 299 446 447 448 449 531 
54 24 84 101 123 294 364 365 560 628 661 
55 16 255 271 375 376 377 378 460 502 538 562 
56 14 379 380 643 686 705 749 753 779 780 1339 
57 12 14 15 379 380 593 704 705 746 753 779 780 857 859 914 
58 23 381 382 754 784 785 786 787 788 789 
59 754 785 786 787 788 
60 320 322 475 476 478 527 
61 539 564 565 566 661 1159 
62 539 566 567 1078 1081 1084 
63 539 564 566 567 
64 390 391 627 
65 2 3 4 128 180 323 324 384 388 393 394 418 629 659 664 1302 
66 180 388 629 659 660 664 
67 2 3 4 128 180 323 324 388 389 393 394 629 659 664 1302 
68 62 101 460 628 661 662 
69 62 336 458 540 570 977 
70 24 62 101 283 307 333 540 565 568 570 977 
71 101 540 569 571 572 655 798 1213 1355 
72 21 62 94 128 304 305 309 323 324 388 494 570 571 629 630 655 663 664 
73 25 68 160 317 332 401 421 541 571 572 573 574 577 578 625 655 1198 1213 1252 1304 1355 
74 317 541 574 575 576 578 656 
75 324 378 630 666 667 670 
76 324 329 378 630 666 667 670 1391 
77 329 630 666 667 668 670 1391 
78 543 588 589 590 
79 544 597 598 688 708 713 
80 544 594 596 597 598 
81 631 672 799 
82 205 632 676 677 678 679 
83 633 680 681 682 683 
84 142 294 354 406 522 546 606 608 873 962 1192 1213 
85 406 546 606 608 710 
86 594 755 790 
87 50 236 406 547 562 606 609 611 612 
88 548 613 614 615 616 617 618 
89 420 757 793 794 795 796 797 
90 256 291 311 335 757 793 794 796 797 798 800 1187 1364 1367 
91 252 672 757 793 794 797 799 800 801 1154 
92 253 758 802 803 804 805 806 807 808 809 810 811 1243 1247 
93 635 691 
94 24 101 283 294 354 559 635 689 690 1104 1161 1393 1395 
95 283 635 662 
96 637 698 699 700 701 702 703 704 705 706 779 792 1289 1339 
97 637 681 698 699 700 701 702 703 779 1289 1339 
98 638 708 709 711 712 713 
99 639 717 719 1001 1379 
100 760 820 821 822 823 824 825 1051 1121 1122 
101 760 817 818 819 820 824 825 
102 728 729 910 911 913 
103 761 826 828 
104 762 833 834 835 836 837 
105 764 844 845 846 847 848 
106 764 844 845 846 847 849 
107 75 640 720 725 728 729 909 911 
108 75 640 720 723 724 726 727 909 
109 12 606 766 860 861 980 
110 31 766 862 863 1174 
111 15 391 392 627 658 864 894 914 
112 641 730 731 
113 265 643 746 748 749 
114 895 916 919 920 921 
115 51 184 185 874 878 
116 360 492 605 896 922 927 
117 360 605 896 
118 896 923 924 925 
119 897 926 
120 769 829 885 886 887 888 889 890 891 1146 
121 769 885 886 887 888 890 891 1146 
122 898 931 932 934 935 936 937 938 957 1131 
123 941 966 967 
124 941 964 965 967 968 
125 173 174 176 177 187 409 942 946 969 970 971 972 973 974 992 994 995 997 
126 187 942 969 970 971 972 973 974 1326 
127 101 164 944 981 982 983 
128 945 985 990 
129 945 984 985 986 987 988 989 990 
130 12 766 858 859 948 1008 
131 950 1012 1013 1014 1016 1017 1018 1019 1020 
132 950 951 952 1012 1013 1014 1015 1016 1017 1018 1019 1020 1023 1024 1025 1026 
133 950 1012 1016 1018 1019 1020 1022 1024 
134 951 1027 1028 
135 950 951 1016 1017 1018 1023 1024 1025 1026 
136 951 1021 1022 1034 
137 951 952 1021 1029 1034 
138 846 953 1036 
139 953 1031 1032 1035 1037 
140 954 1038 1039 1041 1042 1043 1044 
141 954 1038 1039 1041 1042 1043 1044 
142 954 1042 
143 954 1043 1044 
144 763 838 839 840 841 955 1045 
145 743 763 838 839 841 852 955 1045 
146 840 955 1045 
147 822 843 889 926 956 1046 1047 1048 1049 1050 1051 
148 843 889 956 1046 1048 1049 1050 
149 930 931 934 936 937 938 957 1052 1057 1058 1059 1131 
150 1062 1074 1075 
151 687 1062 1074 1075 1076 1077 
152 569 572 655 687 1062 1076 1077 
153 1063 1078 1080 1081 1082 1083 1084 1085 
154 1063 1087 1088 
155 983 1065 1099 1100 1101 1103 1104 
156 82 274 553 982 983 1065 1096 1097 1098 1099 1100 1101 1102 1103 1104 
157 19 25 35 36 44 93 122 160 161 215 273 302 318 354 369 370 372 410 421 423 456 482 556 557 572 605 626 655 657 666 689 1006 1011 1105 1106 1107 1151 1304 1307 1355 
158 273 302 552 556 998 1006 1009 1010 1011 
159 231 234 1066 1108 1110 1111 1112 1114 1115 
160 1071 1134 1135 1136 1137 1138 
161 54 55 336 489 562 996 1386 
162 54 111 155 458 459 460 461 489 562 
163 20 56 57 492 
164 311 316 335 415 416 503 798 1364 1367 
165 71 72 504 
166 40 41 74 170 207 272 418 504 1264 
167 82 274 509 
168 217 750 774 
169 118 157 750 774 775 
170 139 238 239 672 893 904 906 
171 141 252 431 516 
172 320 321 322 476 527 
173 367 451 532 
174 36 58 411 423 482 533 
175 351 941 964 965 966 967 
176 542 582 583 584 585 586 978 982 
177 543 588 589 590 592 772 
178 543 588 589 590 591 
179 633 680 681 682 683 
180 548 616 617 619 620 621 622 1150 
181 409 942 973 974 997 1061 
182 634 685 686 
183 253 758 802 803 804 805 806 807 808 809 810 811 1243 1247 
184 32 67 499 639 715 716 717 1379 
185 15 285 766 856 857 858 859 894 948 1008 
186 161 225 421 923 924 1062 1074 1075 1188 1280 1304 1305 1309 1377 1378 1379 1380 
187 743 763 838 839 840 842 1045 
188 75 640 721 722 723 724 725 726 728 729 909 911 
189 395 767 865 866 867 868 869 870 872 873 
190 15 285 390 391 864 894 
191 15 285 390 391 658 856 857 858 864 894 914 915 948 1008 
192 641 733 734 735 736 
193 422 641 648 730 731 733 734 735 736 1392 
194 642 739 740 741 742 743 744 
195 642 739 742 743 
196 12 13 51 184 185 202 746 874 875 876 878 879 880 
197 768 881 883 884 
198 769 843 887 888 889 
199 743 744 957 1052 1053 1054 1055 1056 1060 
200 1071 1134 1137 1138 
201 93 110 160 318 369 401 423 482 541 552 625 1140 1151 1295 1296 1304 1391 
202 48 232 602 603 604 605 1110 1285 1303 1304 1305 1306 1308 1309 1310 
203 19 58 122 232 323 602 603 604 688 1188 1285 1305 1306 1307 1310 
204 63 68 307 540 572 602 603 604 655 1188 1213 1285 1305 1311 1355 
205 1287 1321 1322 
206 1290 1338 1340 1341 
207 879 1290 1338 1339 1340 1341 
208 163 164 1291 1344 1345 1346 1347 
209 45 55 187 316 487 1106 1228 1292 1350 1351 1356 1383 1385 
210 891 1030 1145 1171 1172 1173 1174 
211 763 769 891 1030 1031 1033 1052 1068 1145 1172 1173 1174 
212 769 841 843 885 886 887 888 889 890 891 1146 1173 1176 1177 1178 
213 769 843 885 886 887 888 889 890 1146 1173 1177 1178 
214 833 1294 1361 1362 1363 
215 35 37 535 
216 156 506 
217 37 559 630 666 667 668 670 1107 1191 1204 1213 1258 1300 1391 1394 1395 
218 24 93 101 559 630 662 666 667 1104 1107 1191 1204 1213 1258 1300 1393 
219 559 630 662 666 667 1078 1080 1081 1107 1191 1198 1204 1213 1214 1258 1300 1391 1394 1395 
220 62 111 150 155 241 292 376 458 459 479 977 1182 1365 1366 1370 1382 1383 1384 1385 1386 
221 62 111 150 155 241 292 458 459 461 479 1182 1365 1366 1370 1382 1383 1384 1385 1386 
222 400 412 419 1387 1392 1396 1397 1398 1399 1400 
223 400 1387 1392 1396 1398 
224 656 1157 1274 1286 1313 1316 1317 1318 1319 
225 40 161 225 293 421 433 448 449 923 924 1062 1074 1075 1124 1188 1213 1280 1304 1305 1309 1377 1378 1379 1380 1381 
